[-9.24154073e-02  1.14129841e-01  8.32852628e-03 -3.25448141e-02
 -1.72312289e-01 -2.12238878e-02 -5.96169569e-02 -1.47659838e-01
  1.15036458e-01 -8.11429545e-02  1.82457045e-01  7.95387477e-03
 -2.29917839e-01 -1.13987789e-01 -2.23885849e-03  1.14350110e-01
 -1.71477243e-01 -1.39477983e-01 -1.48843229e-01 -1.27351716e-01
 -4.78745028e-02 -5.89027293e-02  2.16444470e-02  3.93058266e-03
 -1.82539225e-01 -1.92124248e-01 -1.03907615e-01 -1.16754934e-01
  1.49884090e-01 -1.03414655e-01  4.10983041e-02  4.64167036e-02
 -1.94734991e-01 -1.00524105e-01  5.02196066e-02  1.84876710e-01
 -3.29254344e-02 -4.14830223e-02  1.93066269e-01 -2.35570967e-02
 -1.64179221e-01  2.70012468e-02  7.37788826e-02  1.91425934e-01
  2.10760623e-01  5.59924729e-02  3.57224755e-02 -9.40703973e-02
  1.40958190e-01 -2.34593347e-01  6.40968606e-02  1.57826930e-01
  1.36745766e-01  6.59271777e-02  1.27755761e-01 -1.95095256e-01
  9.79550928e-02  1.92765132e-01 -1.52390152e-01  6.89125732e-02
  1.15354843e-01 -1.18234053e-01 -3.58280391e-02 -2.37281271e-03
  1.32101461e-01  9.36588496e-02 -1.55162718e-02 -1.48688704e-01
  2.53848195e-01 -1.77994654e-01 -6.26845136e-02  1.41333908e-01
 -3.72253358e-02 -1.04782969e-01 -3.00439000e-01 -8.12334381e-03
  4.43215311e-01  2.38699481e-01 -1.22682080e-01 -5.31852525e-03
 -6.38257414e-02 -3.59399840e-02  3.55337150e-02 -2.40379944e-04
 -1.38830438e-01 -9.90268514e-02 -1.23272181e-01  1.25175901e-02
  2.05685660e-01  7.82951992e-03  8.63213688e-02  1.74336761e-01
  6.11221492e-02  2.85430402e-02  7.44534610e-03 -4.54144366e-02
 -1.42061234e-01 -3.20061892e-02 -7.21153095e-02 -7.67433345e-02
  6.77779019e-02 -1.49318457e-01  6.57975003e-02  9.80771855e-02
 -1.87101811e-01  9.06455666e-02 -3.64673361e-02 -3.62721346e-02
 -3.21106650e-02  1.30091514e-02 -3.06228437e-02  3.99959907e-02
  2.38224328e-01 -2.50597328e-01  2.33044237e-01  2.42581725e-01
 -5.66294864e-02  6.64930940e-02  1.58800662e-01  1.16139822e-01
 -2.09396780e-02 -8.11792910e-02 -1.38041347e-01 -1.28244728e-01
 -5.07622026e-02 -1.29585713e-01  2.77783144e-02  4.80673313e-02]
[-4.67950255e-02  1.04775488e-01  1.13036893e-01  1.74434744e-02
 -1.29818842e-01  4.37684134e-02  4.14878279e-02 -1.44729197e-01
  2.03489080e-01 -3.66955400e-02  1.99592412e-01 -7.26586534e-03
 -2.30730742e-01 -6.19062316e-03 -5.55730704e-03  5.61592281e-02
 -1.44034714e-01 -1.75428733e-01 -1.44184884e-02 -9.72849950e-02
  8.44600201e-02  6.38673604e-02  2.65791267e-02 -6.29799515e-02
 -1.78100765e-01 -3.44420671e-01 -1.07583880e-01 -1.57584958e-02
  1.32691145e-01 -2.33232584e-02  7.92823285e-02  1.14940234e-01
 -2.22880825e-01 -4.05905172e-02  4.50376123e-02  2.88472939e-02
 -9.95999798e-02 -7.11691231e-02  2.15802506e-01  3.63439098e-02
 -2.00486571e-01 -4.18063477e-02 -9.02979262e-03  2.58342445e-01
  1.59920529e-01  7.53283035e-03  3.69842425e-02 -1.19946912e-01
  5.20507880e-02 -2.42462188e-01  8.32471251e-02  2.48590752e-01
 -6.35187887e-03  5.06745316e-02  1.19205110e-01 -1.40926629e-01
 -4.21581343e-02  1.30161747e-01 -1.41796067e-01  7.33464584e-02
  7.70285130e-02 -9.32088643e-02 -8.92039388e-03 -1.25810668e-01
  9.85542610e-02  1.77328326e-02 -2.57276911e-02 -1.70435905e-01
  1.90186739e-01 -8.76574218e-02 -7.20901564e-02  1.76982149e-01
 -1.10993549e-01 -1.72126576e-01 -2.87384152e-01  3.39594334e-02
  5.04262507e-01  5.55151887e-02 -1.05673522e-01  2.05169432e-02
 -5.84391467e-02 -1.63274053e-02  8.59794319e-02  3.59162837e-02
 -5.90327755e-02 -3.44263017e-02 -1.08808398e-01  5.07234186e-02
  2.09222749e-01 -2.07925290e-02 -9.20953676e-02  2.03852072e-01
 -3.65091041e-02 -1.88525319e-02  5.99810407e-02  1.15121759e-01
 -7.16255978e-02  1.49794333e-02 -1.44044906e-01 -1.04621336e-01
  9.53725129e-02 -8.91185030e-02 -1.29545406e-02  1.75578579e-01
 -2.07850948e-01  1.68417051e-01  3.27662565e-05 -2.48654187e-02
  3.94550664e-03 -1.13275141e-01 -8.64499062e-02  5.58814704e-02
  1.93286836e-01 -3.30405474e-01  1.79424196e-01  1.43661410e-01
 -5.56797422e-02  1.46643460e-01  5.00521669e-03  4.69125099e-02
 -6.27339259e-02 -9.43653435e-02 -1.63990974e-01 -9.27809626e-02
 -6.36044331e-03  8.96276440e-03 -3.60069461e-02  1.55507363e-02]
[-0.12736565  0.02863982  0.06448596 -0.12164424 -0.00803978 -0.10631236
  0.02129225 -0.05241667  0.20073397  0.03964756  0.14042661  0.02310185
 -0.24187696 -0.06866939  0.03505411  0.05589859 -0.16420981 -0.07800519
 -0.10770301 -0.08946822  0.00536404  0.02134565  0.15008292  0.01959132
 -0.13584247 -0.33090869 -0.08417886 -0.2144635   0.03908248 -0.0886588
  0.03905548  0.03218678 -0.19833162 -0.08758809  0.00148926  0.03879173
 -0.03786432 -0.09257027  0.23663071 -0.00057228 -0.13192624 -0.03342548
  0.07451577  0.11943911  0.26657638 -0.03472526  0.03840487 -0.04989906
  0.11560891 -0.22404917  0.11297909  0.08256521  0.07126075  0.11016145
  0.12862724 -0.14658064  0.07098362  0.10641469 -0.222002    0.09124081
  0.07958005 -0.12783015 -0.09666631  0.03890236  0.08704888  0.10701659
 -0.05433866 -0.17956237  0.08967878 -0.15377241 -0.01992394  0.11075655
 -0.11070451 -0.10851865 -0.23399852  0.04962885  0.29430628  0.11212502
 -0.12867588  0.04341152 -0.16172837 -0.04501065  0.00268184 -0.03751904
 -0.06300329 -0.0869023  -0.10316128  0.00048547  0.11674315  0.01408623
 -0.04926299  0.14047661 -0.05224593  0.06056122  0.02627024  0.04662896
 -0.15142196  0.02503879 -0.07765874 -0.00751647  0.05398635 -0.10395245
 -0.01642869  0.01662007 -0.182512    0.10532115 -0.00353137 -0.06331886
 -0.01087049 -0.03517732 -0.06930975  0.02007063  0.13303785 -0.24134216
  0.30579844  0.17475119 -0.00361404  0.15498076  0.02437598  0.0480592
 -0.02416981  0.04002964 -0.11290481 -0.04420505  0.01660278  0.07162834
  0.04827962  0.04771341]
[-0.22589538  0.14440699  0.03781721 -0.08528108 -0.19477078 -0.02291922
 -0.06868169 -0.05875761  0.05533053  0.0304332   0.30963075 -0.007068
 -0.2316315   0.0417532  -0.08809814  0.10391663 -0.13538827 -0.10950474
 -0.13739108 -0.13339508  0.06620895  0.00660315 -0.00169033  0.03975739
 -0.23664699 -0.20077096 -0.06495335 -0.07971648  0.19125599 -0.20082763
  0.01336381 -0.09720819 -0.206505   -0.04837529  0.02927294  0.0899608
 -0.04578586 -0.13233209  0.29778683 -0.03740992 -0.12902585  0.0244762
  0.1045628   0.23365006  0.16229916 -0.00477475  0.10009068 -0.03230212
  0.02549998 -0.27143273  0.07929984  0.14076604  0.09899057  0.07943894
  0.07549192 -0.19967495 -0.01388637  0.19997996 -0.12008806  0.10278293
  0.0603683  -0.01524362 -0.10681573 -0.0800023   0.15640065  0.10076282
 -0.09901351 -0.18960531  0.16010581 -0.14049906 -0.0458507   0.18007129
 -0.05504207 -0.15129896 -0.2170801   0.08471623  0.42219394  0.15089878
 -0.20090133  0.02589596 -0.01420471 -0.06005229  0.03750207 -0.04418718
 -0.08507162 -0.02873046 -0.12952763  0.08599496  0.23562573 -0.0073625
  0.03873791  0.17177193  0.09559172  0.00069977  0.05620449  0.13952337
 -0.12009405 -0.05184352  0.02360687  0.03970253  0.12817526 -0.09565196
  0.00395709  0.09824528 -0.1322871   0.12726539 -0.04859709 -0.05652551
 -0.08974899  0.01713646 -0.03849416 -0.00318186  0.19327177 -0.28421187
  0.20855643  0.24707025 -0.10449385  0.07233606  0.1105881   0.04439687
  0.0631334   0.08066108 -0.11413323 -0.13991165 -0.06447819 -0.14599282
  0.03162574  0.03424679]
[-0.24998301  0.06248571  0.15999573  0.06212109 -0.0406865  -0.01180458
 -0.09176371  0.01690011  0.14961444 -0.09960383  0.157682   -0.01152402
 -0.19148225 -0.06683689 -0.02585062  0.12087431 -0.10126909 -0.10777992
 -0.07778885 -0.12552811 -0.00418146  0.00852615  0.04824409 -0.01301756
 -0.17541806 -0.42942116 -0.09512879 -0.12746948  0.04059535 -0.06539795
 -0.04453595 -0.03250407 -0.16023956 -0.05337614  0.00290474  0.18319069
  0.06135558  0.0309446   0.20588566 -0.08572741 -0.11835784 -0.00860934
  0.06162225  0.28355354  0.1512945   0.10984412 -0.00854835  0.01215862
  0.14260431 -0.22804405  0.15909886  0.10091003  0.11305945  0.03938854
  0.18370944 -0.10406924 -0.01287886  0.11895341 -0.12764826  0.07927037
 -0.0181376  -0.02256797 -0.02967439 -0.02697193  0.22125107  0.13685204
 -0.09001814 -0.11032668  0.15808433 -0.1742004   0.08704768  0.05528986
 -0.07847378 -0.11121193 -0.3149915   0.06159461  0.42928648  0.13593753
 -0.20351064  0.00520411 -0.03377406 -0.06149912  0.10802909  0.06684554
 -0.09775479  0.01169961 -0.09891602  0.04571968  0.16919635  0.05554042
 -0.03349857  0.13151766  0.03347991  0.06617215  0.03107669  0.01019585
 -0.13934286 -0.08407092 -0.13496436 -0.00226098  0.06429103  0.00159803
 -0.00653854  0.05738773 -0.12696691  0.0686717  -0.00980359 -0.00989458
 -0.0004703   0.12153047 -0.14681785 -0.0762976   0.16081715 -0.22979765
  0.12688276  0.14848787 -0.10092941  0.16671753  0.08021141  0.08599806
  0.01451882  0.05516616 -0.1060938  -0.07318714  0.00084843 -0.05798377
  0.07765492  0.06813298]
